1	1.5971	0.9786	0.1999	0.1065
2	0.9128	0.8188	0.3046	0.1065
3	0.8166	0.7520	0.3586	0.1065
4	0.7669	0.7062	0.4097	0.1065
5	0.7268	0.6737	0.4514	0.1065
6	0.6911	0.6421	0.4910	0.1065
7	0.6629	0.6077	0.5199	0.1070
8	0.6352	0.5810	0.5453	0.1445
9	0.6127	0.5589	0.5717	0.1598
10	0.5942	0.5411	0.5902	0.1628
11	0.5769	0.5240	0.6082	0.1679
12	0.5614	0.5137	0.6172	0.1682
13	0.5466	0.4963	0.6361	0.1701
14	0.5338	0.4965	0.6407	0.1696
15	0.5232	0.4732	0.6607	0.1699
16	0.5079	0.4655	0.6681	0.1706
17	0.5009	0.4619	0.6758	0.1714
18	0.4887	0.4454	0.6885	0.1727
19	0.4819	0.4354	0.6977	0.1732
20	0.4727	0.4286	0.7060	0.1736
21	0.4612	0.4192	0.7159	0.1739
22	0.4543	0.4121	0.7256	0.1746
23	0.4464	0.4036	0.7311	0.1762
24	0.4415	0.3958	0.7428	0.1757
25	0.4313	0.3886	0.7451	0.1766
26	0.4233	0.3824	0.7564	0.1775
27	0.4156	0.3747	0.7630	0.1797
28	0.4077	0.3715	0.7665	0.1840
29	0.4024	0.3623	0.7747	0.1860
30	0.3974	0.3599	0.7796	0.1899
31	0.3916	0.3675	0.7726	0.1900
32	0.3834	0.3447	0.7958	0.1983
33	0.3794	0.3447	0.7951	0.2040
34	0.3733	0.3368	0.8050	0.2067
35	0.3688	0.3318	0.8095	0.2129
36	0.3614	0.3278	0.8093	0.2204
37	0.3594	0.3232	0.8173	0.2193
38	0.3498	0.3176	0.8208	0.2247
39	0.3477	0.3151	0.8222	0.2321
40	0.3413	0.3085	0.8291	0.2334
41	0.3353	0.3055	0.8313	0.2392
42	0.3345	0.2991	0.8371	0.2412
43	0.3271	0.2953	0.8403	0.2441
44	0.3221	0.2901	0.8472	0.2529
45	0.3171	0.2910	0.8436	0.2521
46	0.3147	0.2856	0.8488	0.2582
47	0.3100	0.2801	0.8544	0.2578
48	0.3079	0.2763	0.8566	0.2638
49	0.3004	0.2742	0.8586	0.2597
50	0.2985	0.2746	0.8559	0.2680
51	0.2923	0.2673	0.8633	0.2663
52	0.2925	0.2643	0.8648	0.2689
53	0.2861	0.2608	0.8686	0.2706
54	0.2844	0.2583	0.8689	0.2772
55	0.2824	0.2572	0.8697	0.2804
56	0.2780	0.2551	0.8705	0.2824
57	0.2750	0.2485	0.8755	0.2816
58	0.2724	0.2477	0.8782	0.2830
59	0.2694	0.2436	0.8800	0.2861
60	0.2650	0.2449	0.8774	0.2867
61	0.2626	0.2391	0.8827	0.2901
62	0.2635	0.2382	0.8838	0.2906
63	0.2594	0.2346	0.8856	0.2920
64	0.2580	0.2326	0.8872	0.2937
65	0.2518	0.2373	0.8831	0.2949
66	0.2517	0.2294	0.8897	0.2946
67	0.2472	0.2271	0.8902	0.2990
68	0.2482	0.2273	0.8892	0.2987
69	0.2453	0.2249	0.8902	0.2985
70	0.2431	0.2229	0.8919	0.2997
71	0.2415	0.2205	0.8956	0.3030
72	0.2395	0.2174	0.8967	0.3010
73	0.2358	0.2168	0.8985	0.3026
74	0.2337	0.2179	0.8959	0.3036
75	0.2330	0.2143	0.8979	0.3068
76	0.2313	0.2151	0.8963	0.3068
77	0.2299	0.2121	0.9002	0.3078
78	0.2286	0.2101	0.9009	0.3104
79	0.2264	0.2103	0.9009	0.3105
80	0.2237	0.2081	0.9042	0.3122
81	0.2245	0.2071	0.9042	0.3110
82	0.2224	0.2078	0.9019	0.3123
83	0.2202	0.2042	0.9059	0.3137
84	0.2187	0.2071	0.9011	0.3137
85	0.2172	0.2009	0.9076	0.3166
86	0.2187	0.2046	0.9038	0.3156
87	0.2143	0.1985	0.9078	0.3173
88	0.2149	0.2006	0.9058	0.3182
89	0.2126	0.1969	0.9097	0.3204
90	0.2111	0.1975	0.9084	0.3206
91	0.2091	0.1961	0.9099	0.3226
92	0.2089	0.1938	0.9110	0.3246
93	0.2078	0.1937	0.9109	0.3254
94	0.2075	0.1946	0.9095	0.3269
95	0.2050	0.1897	0.9147	0.3267
96	0.2047	0.1898	0.9140	0.3301
97	0.2023	0.1884	0.9151	0.3299
98	0.2013	0.1886	0.9138	0.3332
99	0.2011	0.1887	0.9141	0.3379
100	0.1997	0.1863	0.9156	0.3391
101	0.1990	0.1878	0.9139	0.3413
102	0.1977	0.1887	0.9086	0.3420
103	0.2009	0.1843	0.9166	0.3423
104	0.1949	0.1853	0.9146	0.3451
105	0.1952	0.1846	0.9154	0.3474
106	0.1929	0.1823	0.9172	0.3491
107	0.1916	0.1800	0.9192	0.3547
108	0.1912	0.1798	0.9190	0.3555
109	0.1906	0.1797	0.9195	0.3603
110	0.1894	0.1782	0.9204	0.3629
111	0.1888	0.1791	0.9198	0.3595
112	0.1882	0.1774	0.9193	0.3633
113	0.1874	0.1764	0.9204	0.3685
114	0.1868	0.1765	0.9216	0.3683
115	0.1866	0.1765	0.9198	0.3757
116	0.1856	0.1777	0.9177	0.3744
117	0.1847	0.1768	0.9201	0.3786
118	0.1836	0.1773	0.9161	0.3800
119	0.1821	0.1741	0.9206	0.3853
120	0.1814	0.1737	0.9209	0.3866
121	0.1816	0.1713	0.9236	0.3846
122	0.1795	0.1707	0.9224	0.3892
123	0.1792	0.1713	0.9231	0.3953
124	0.1784	0.1692	0.9250	0.3906
125	0.1794	0.1732	0.9215	0.3925
126	0.1781	0.1708	0.9213	0.3985
127	0.1760	0.1661	0.9260	0.3982
128	0.1749	0.1678	0.9245	0.4019
129	0.1756	0.1695	0.9237	0.4041
130	0.1778	0.1680	0.9240	0.4066
131	0.1761	0.1666	0.9243	0.4087
132	0.1734	0.1660	0.9242	0.4067
133	0.1719	0.1655	0.9255	0.4114
134	0.1719	0.1675	0.9233	0.4103
135	0.1729	0.1654	0.9259	0.4153
136	0.1706	0.1650	0.9257	0.4207
137	0.1694	0.1619	0.9280	0.4221
138	0.1694	0.1632	0.9260	0.4249
139	0.1681	0.1627	0.9268	0.4275
140	0.1689	0.1629	0.9267	0.4172
141	0.1684	0.1598	0.9281	0.4281
142	0.1660	0.1605	0.9279	0.4323
143	0.1666	0.1580	0.9291	0.4328
144	0.1667	0.1603	0.9275	0.4330
145	0.1645	0.1589	0.9278	0.4362
146	0.1645	0.1593	0.9285	0.4396
147	0.1624	0.1578	0.9285	0.4378
148	0.1640	0.1550	0.9308	0.4391
149	0.1635	0.1583	0.9281	0.4444
150	0.1620	0.1555	0.9311	0.4438
151	0.1615	0.1562	0.9294	0.4434
152	0.1611	0.1548	0.9301	0.4479
153	0.1612	0.1555	0.9296	0.4507
154	0.1604	0.1540	0.9305	0.4546
155	0.1590	0.1518	0.9319	0.4515
156	0.1583	0.1533	0.9308	0.4541
157	0.1582	0.1533	0.9305	0.4557
158	0.1574	0.1541	0.9300	0.4571
159	0.1573	0.1525	0.9305	0.4575
160	0.1572	0.1558	0.9266	0.4606
161	0.1579	0.1498	0.9337	0.4602
162	0.1561	0.1506	0.9333	0.4619
163	0.1556	0.1497	0.9318	0.4649
164	0.1556	0.1483	0.9343	0.4624
165	0.1554	0.1500	0.9320	0.4663
166	0.1552	0.1492	0.9327	0.4648
167	0.1528	0.1469	0.9346	0.4696
168	0.1533	0.1518	0.9305	0.4676
169	0.1529	0.1475	0.9339	0.4694
170	0.1526	0.1469	0.9339	0.4698
171	0.1523	0.1477	0.9332	0.4747
172	0.1508	0.1476	0.9334	0.4774
173	0.1514	0.1475	0.9336	0.4776
174	0.1501	0.1480	0.9333	0.4802
175	0.1495	0.1460	0.9348	0.4767
176	0.1503	0.1452	0.9352	0.4800
177	0.1495	0.1479	0.9335	0.4825
178	0.1487	0.1453	0.9345	0.4811
179	0.1485	0.1444	0.9354	0.4824
180	0.1490	0.1438	0.9362	0.4827
181	0.1492	0.1428	0.9347	0.4849
182	0.1483	0.1415	0.9375	0.4876
183	0.1475	0.1421	0.9358	0.4888
184	0.1467	0.1400	0.9388	0.4865
185	0.1472	0.1425	0.9343	0.4891
186	0.1447	0.1418	0.9370	0.4919
187	0.1458	0.1421	0.9349	0.4938
188	0.1447	0.1435	0.9339	0.4920
189	0.1439	0.1407	0.9368	0.4942
190	0.1447	0.1404	0.9352	0.4962
191	0.1431	0.1399	0.9376	0.4955
192	0.1433	0.1417	0.9350	0.4987
193	0.1426	0.1402	0.9363	0.4998
194	0.1432	0.1369	0.9390	0.5000
195	0.1421	0.1403	0.9364	0.4998
196	0.1418	0.1378	0.9375	0.5002
197	0.1420	0.1398	0.9375	0.4992
198	0.1406	0.1390	0.9367	0.5031
199	0.1403	0.1382	0.9370	0.5044
200	0.1402	0.1360	0.9390	0.5064
201	0.1402	0.1377	0.9385	0.5062
